4.576712
5.181197
5.674699
6.39902
6.381147
6.602814
6.917211
7.180456
7.61476
8.586898
9.479918
9.953512
10.861705
12.247049
13.719421
15.173328
16.233976
17.435697
17.319677
17.793745
18.881387
19.342572
19.680505
20.236169
20.79597
21.054001
22.156215
22.50211
22.160266
22.012107
23.207002
24.599171
26.916419
28.538874
28.148866
28.266623
27.5899
25.336763
25.328979
26.013987
25.205033
23.992504
23.186685
23.538083
23.952555
24.039186
24.313218
24.936526
24.694507
24.772972
24.174129
25.136872
25.445051
26.737436
27.950295
29.342027
28.727544
28.408598
27.037348
25.220293
24.275762
23.742103
23.56798
24.219003
24.252522
25.383643
24.42073
23.556684
23.561115
23.043315
23.882736
25.036506
24.937525
25.483831
25.465507
25.929398
24.556887
24.188607
25.800089
27.139193
27.123257
27.2873
27.680062
27.5101
27.045593
25.395059
23.490268
21.654409
22.209403
23.177577
24.557043
26.287592
28.871117
29.958914
30.15347
31.181705
32.056368
33.440244
34.838029
35.89187
38.458053
42.064673
45.577748
48.464191
50.350224
49.223976
48.873036
49.589595
51.971762
51.643141
50.721121
51.598125
55.120907
56.118952
56.61644
55.731345
56.755365
61.262885
61.662622
62.172003
60.784063
58.623901
58.72721
57.975505
58.292184
62.027655
64.081336
63.155204
64.524762
67.175463
66.526979
69.832998
72.724007
75.267215
79.223085
79.336606
82.820341
85.709601
83.183396
81.448561
85.051129
88.242104
90.185128
90.267659
89.318429
89.03082
82.436261
80.784026
83.21261
83.606514
82.785064
84.992401
83.373817
83.642502
85.805587
93.549191
97.119382
100.978369
105.803075
109.968446
113.805025
115.674785
119.91185
119.828674
124.961849
132.482362
142.150587
148.490088
158.31887
160.200969
158.028289
156.187699
157.695074
156.551415
151.577604
141.179155
138.592468
134.022255
129.324404
128.778316
135.833262
136.865302
135.811222
135.930637
137.974061
135.661191
128.765363
123.921164
127.005164
120.70133
118.899533
116.02038
115.01626
113.565671
112.640176
107.188829
105.207871
107.273163
104.517327
103.845317
104.862612
107.8296
113.174611
118.753941
122.065964
125.89546
128.079419
130.516586
132.897818
131.227023
128.037971
124.48947
121.948814
122.932295
126.829457
129.307422
131.360676
131.064159
135.703441
132.447961
132.762207
135.417442
135.479489
140.472668
147.199769
153.027658
158.370744
167.784615
178.364238
187.950436
193.41781
195.53051
197.924897
196.579869
203.05441
206.339376
210.154439
211.840381
210.433657
208.618655
220.263204
236.30252
248.286572
261.43802
284.465762
296.677369
312.169848
324.152979
322.135534
331.861013
